   1  6.8855292E+11        23.  1.020E-09    29546.  0.810 2.189E-07
   2  6.8937221E+11        78.  2.950E-10    25369.  0.810 2.189E-07
   3  6.9019247E+11       292.  7.889E-11    24782.  0.810 2.189E-07
   4  6.9101371E+11      1023.  2.248E-11    26725.  0.819 2.189E-07
   5  6.9183592E+11      2887.  7.948E-12    30088.  0.844 2.189E-07
   6  6.9265912E+11      6638.  3.449E-12    30607.  0.857 2.189E-07
   7  6.9348329E+11     12131.  1.883E-12    30753.  0.861 2.189E-07
   8  6.9430845E+11     18448.  1.235E-12    30883.  0.863 2.189E-07
   9  6.9513458E+11     24943.  9.113E-13    31134.  0.864 2.189E-07
  10  6.9596170E+11     31252.  7.256E-13    31426.  0.864 2.189E-07
  11  6.9678980E+11     37382.  6.052E-13    31705.  0.864 2.189E-07
  12  6.9761889E+11     43209.  5.223E-13    31956.  0.864 2.189E-07
  13  6.9844897E+11     48913.  4.603E-13    32188.  0.864 2.189E-07
  14  6.9928003E+11     54356.  4.132E-13    32398.  0.864 2.189E-07
  15  7.0011208E+11     59776.  3.749E-13    32599.  0.863 2.189E-07
  16  7.0094512E+11     64993.  3.440E-13    32786.  0.863 2.189E-07
  17  7.0177915E+11     70272.  3.174E-13    32967.  0.863 2.189E-07
  18  7.0261418E+11     75387.  2.951E-13    33137.  0.863 2.189E-07
  19  7.0345020E+11     80616.  2.753E-13    33304.  0.862 2.189E-07
  20  7.0428721E+11     85701.  2.584E-13    33459.  0.862 2.189E-07
  21  7.0512522E+11     90929.  2.429E-13    33611.  0.862 2.189E-07
  22  7.0596423E+11     96021.  2.295E-13    33751.  0.862 2.189E-07
  23  7.0680423E+11    101271.  2.171E-13    33888.  0.861 2.189E-07
  24  7.0764524E+11    106385.  2.062E-13    34014.  0.861 2.189E-07
  25  7.0848724E+11    111661.  1.960E-13    34136.  0.861 2.189E-07
  26  7.0933025E+11    116797.  1.869E-13    34248.  0.861 2.189E-07
  27  7.1017426E+11    122093.  1.784E-13    34356.  0.860 2.189E-07
  28  7.1101927E+11    127240.  1.708E-13    34453.  0.860 2.189E-07
  29  7.1186529E+11    132540.  1.635E-13    34547.  0.860 2.189E-07
  30  7.1271232E+11    137680.  1.571E-13    34632.  0.860 2.189E-07
  31  7.1356035E+11    142959.  1.509E-13    34713.  0.860 2.189E-07
  32  7.1440940E+11    148065.  1.453E-13    34785.  0.859 2.189E-07
  33  7.1525945E+11    153292.  1.401E-13    34854.  0.859 2.189E-07
  34  7.1611051E+11    158326.  1.353E-13    34914.  0.859 2.189E-07
  35  7.1696259E+11    163455.  1.307E-13    34971.  0.859 2.189E-07
  36  7.1781568E+11    168366.  1.266E-13    35019.  0.859 2.189E-07
  37  7.1866979E+11    173337.  1.227E-13    35063.  0.858 2.189E-07
  38  7.1952491E+11    178062.  1.191E-13    35100.  0.858 2.189E-07
  39  7.2038105E+11    182812.  1.158E-13    35132.  0.857 2.189E-07
  40  7.2123821E+11    187287.  1.127E-13    35160.  0.855 2.189E-07
  41  7.7079298E+11    477450.  3.872E-14    35691.  0.843 2.189E-07
  42  8.2375256E+11    726183.  2.229E-14    35035.  0.840 2.189E-07
  43  8.8035088E+11    949851.  1.492E-14    34392.  0.837 2.189E-07
  44  9.4083795E+11   1154001.  1.075E-14    33824.  0.834 2.189E-07
  45  1.0054810E+12   1340819.  8.103E-15    33329.  0.831 2.189E-07
  46  1.0745655E+12   1511519.  6.293E-15    32898.  0.828 2.189E-07
  47  1.1483966E+12   1667190.  4.996E-15    32519.  0.825 2.189E-07
  48  1.2273006E+12   1808965.  4.031E-15    32179.  0.823 2.189E-07
  49  1.3116258E+12   1937964.  3.294E-15    31862.  0.821 2.189E-07
  50  1.4017449E+12   2055262.  2.720E-15    31553.  0.819 2.189E-07
  51  1.4980559E+12   2161865.  2.264E-15    31239.  0.817 2.189E-07
  52  1.6009841E+12   2258709.  1.897E-15    30907.  0.816 2.189E-07
  53  1.7109844E+12   2346650.  1.599E-15    30546.  0.815 2.189E-07
  54  1.8285426E+12   2426462.  1.354E-15    30148.  0.814 2.189E-07
  55  1.9541779E+12   2498817.  1.151E-15    29702.  0.813 2.189E-07
  56  2.0884454E+12   2564292.  9.821E-16    29200.  0.812 2.189E-07
  57  2.2319382E+12   2623356.  8.405E-16    28633.  0.812 2.189E-07
  58  2.3852900E+12   2676402.  7.213E-16    27996.  0.811 2.189E-07
  59  2.5491783E+12   2723744.  6.206E-16    27289.  0.811 2.189E-07
  60  2.7243270E+12   2765691.  5.351E-16    26528.  0.811 2.189E-07
  61  2.9115098E+12   2802576.  4.623E-16    25751.  0.810 2.189E-07
  62  3.1115536E+12   2834847.  4.002E-16    25011.  0.810 2.189E-07
  63  3.3253419E+12   2863031.  3.469E-16    24348.  0.810 2.189E-07
  64  3.5538193E+12   2887691.  3.012E-16    23775.  0.810 2.189E-07
  65  3.7979948E+12   2909330.  2.617E-16    23290.  0.810 2.189E-07
  66  4.0589471E+12   2928406.  2.277E-16    22878.  0.810 2.189E-07
  67  4.3378288E+12   2945272.  1.982E-16    22522.  0.810 2.189E-07
  68  4.6358720E+12   2960253.  1.726E-16    22207.  0.810 2.189E-07
  69  4.9543931E+12   2973577.  1.505E-16    21921.  0.810 2.189E-07
  70  5.2947991E+12   2985478.  1.312E-16    21653.  0.810 2.189E-07
  71  5.6585937E+12   2996103.  1.145E-16    21395.  0.810 2.189E-07
  72  6.0473839E+12   3005629.  9.993E-17    21143.  0.810 2.189E-07
  73  6.4628870E+12   3014148.  8.724E-17    20892.  0.810 2.189E-07
  74  6.9069385E+12   3021807.  7.619E-17    20639.  0.810 2.189E-07
  75  7.3814998E+12   3028654.  6.656E-17    20380.  0.810 2.189E-07
  76  7.8886673E+12   3034823.  5.816E-17    20115.  0.810 2.189E-07
  77  8.4306812E+12   3040326.  5.083E-17    19843.  0.810 2.189E-07
  78  9.0099357E+12   3045294.  4.443E-17    19561.  0.810 2.189E-07
  79  9.6289896E+12   3049705.  3.884E-17    19269.  0.810 2.189E-07
  80  1.0290577E+13   3053699.  3.397E-17    18968.  0.810 2.189E-07
  81  1.0997621E+13   3057218.  2.970E-17    18656.  0.810 2.189E-07
  82  1.1753245E+13   3060418.  2.598E-17    18333.  0.810 2.189E-07
  83  1.2560786E+13   3063201.  2.273E-17    17999.  0.810 2.189E-07
  84  1.3423811E+13   3065754.  1.988E-17    17655.  0.810 2.189E-07
  85  1.4346134E+13   3067931.  1.740E-17    17298.  0.810 2.189E-07
  86  1.5331826E+13   3069956.  1.522E-17    16933.  0.810 2.189E-07
  87  1.6385244E+13   3071629.  1.332E-17    16552.  0.809 2.189E-07
  88  1.7511040E+13   3073226.  1.166E-17    16166.  0.809 2.189E-07
  89  1.8714187E+13   3074480.  1.020E-17    15761.  0.809 2.189E-07
  90  2.0000000E+13   3075734.  8.928E-18    15356.  0.809 2.189E-07
