*      I  NZ  NE  ISLP  ILV        E(RYD)      NP
       1   1   1   200    1  -1.00000E+00     101
  9.900000E-01 6.476E+00
  1.000000E+00 6.304E+00
  1.025315E+00 5.897E+00
  1.051271E+00 5.516E+00
  1.077884E+00 5.158E+00
  1.105171E+00 4.822E+00
  1.133148E+00 4.508E+00
  1.161834E+00 4.213E+00
  1.191246E+00 3.937E+00
  1.221403E+00 3.679E+00
  1.252323E+00 3.436E+00
  1.284025E+00 3.210E+00
  1.316531E+00 2.997E+00
  1.349859E+00 2.799E+00
  1.384031E+00 2.613E+00
  1.419068E+00 2.438E+00
  1.454991E+00 2.276E+00
  1.491825E+00 2.123E+00
  1.529590E+00 1.981E+00
  1.568312E+00 1.848E+00
  1.608014E+00 1.723E+00
  1.648721E+00 1.607E+00
  1.690459E+00 1.498E+00
  1.733253E+00 1.397E+00
  1.777130E+00 1.302E+00
  1.822119E+00 1.213E+00
  1.868246E+00 1.130E+00
  1.915541E+00 1.053E+00
  1.964033E+00 9.807E-01
  2.013753E+00 9.134E-01
  2.064731E+00 8.506E-01
  2.117000E+00 7.919E-01
  2.170592E+00 7.372E-01
  2.225541E+00 6.862E-01
  2.281881E+00 6.386E-01
  2.339647E+00 5.943E-01
  2.398875E+00 5.529E-01
  2.459603E+00 5.144E-01
  2.521868E+00 4.785E-01
  2.585710E+00 4.450E-01
  2.651167E+00 4.138E-01
  2.718282E+00 3.848E-01
  2.787095E+00 3.577E-01
  2.857651E+00 3.325E-01
  2.929993E+00 3.091E-01
  3.004166E+00 2.872E-01
  3.080217E+00 2.669E-01
  3.158193E+00 2.480E-01
  3.238143E+00 2.304E-01
  3.320117E+00 2.140E-01
  3.404166E+00 1.987E-01
  3.490343E+00 1.846E-01
  3.578701E+00 1.714E-01
  3.669297E+00 1.591E-01
  3.762186E+00 1.477E-01
  3.857426E+00 1.371E-01
  3.955077E+00 1.272E-01
  4.055200E+00 1.181E-01
  4.157858E+00 1.096E-01
  4.263115E+00 1.017E-01
  4.371036E+00 9.431E-02
  4.481689E+00 8.748E-02
  4.595143E+00 8.114E-02
  4.711471E+00 7.525E-02
  4.830742E+00 6.977E-02
  4.953032E+00 6.469E-02
  5.078419E+00 5.998E-02
  5.206980E+00 5.560E-02
  5.338796E+00 5.154E-02
  5.473948E+00 4.776E-02
  5.612521E+00 4.426E-02
  5.754603E+00 4.101E-02
  5.900281E+00 3.800E-02
  6.049648E+00 3.521E-02
  6.202796E+00 3.261E-02
  6.359820E+00 3.021E-02
  6.520819E+00 2.798E-02
  6.685894E+00 2.591E-02
  6.855149E+00 2.399E-02
  7.028688E+00 2.221E-02
  7.206620E+00 2.056E-02
  7.389056E+00 1.904E-02
  7.576112E+00 1.762E-02
  7.767901E+00 1.631E-02
  7.964547E+00 1.509E-02
  8.166171E+00 1.397E-02
  8.372897E+00 1.292E-02
  8.584859E+00 1.196E-02
  8.802185E+00 1.106E-02
  9.025014E+00 1.023E-02
  9.253484E+00 9.463E-03
  9.487736E+00 8.752E-03
  9.727920E+00 8.093E-03
  9.974182E+00 7.484E-03
  1.022668E+01 6.920E-03
  1.048557E+01 6.398E-03
  1.075101E+01 5.914E-03
  1.102318E+01 5.467E-03
  1.130223E+01 5.053E-03
  1.158835E+01 4.670E-03
  1.188171E+01 4.316E-03
       2   1   1   200    2  -2.50000E-01     102
  2.400000E-01 1.609E+01
  2.449490E-01 1.542E+01
  2.500000E-01 1.478E+01
  2.563288E-01 1.403E+01
  2.628178E-01 1.331E+01
  2.694710E-01 1.263E+01
  2.762927E-01 1.198E+01
  2.832871E-01 1.136E+01
  2.904586E-01 1.077E+01
  2.978116E-01 1.021E+01
  3.053507E-01 9.677E+00
  3.130807E-01 9.169E+00
  3.210064E-01 8.686E+00
  3.291327E-01 8.226E+00
  3.374647E-01 7.790E+00
  3.460077E-01 7.375E+00
  3.547669E-01 6.980E+00
  3.637479E-01 6.605E+00
  3.729562E-01 6.249E+00
  3.823976E-01 5.911E+00
  3.920780E-01 5.591E+00
  4.020036E-01 5.286E+00
  4.121803E-01 4.997E+00
  4.226147E-01 4.723E+00
  4.333133E-01 4.463E+00
  4.442826E-01 4.216E+00
  4.555297E-01 3.982E+00
  4.670615E-01 3.761E+00
  4.788852E-01 3.551E+00
  4.910083E-01 3.352E+00
  5.034382E-01 3.163E+00
  5.161828E-01 2.985E+00
  5.292500E-01 2.816E+00
  5.426481E-01 2.656E+00
  5.563852E-01 2.504E+00
  5.704702E-01 2.361E+00
  5.849117E-01 2.226E+00
  5.997188E-01 2.098E+00
  6.149008E-01 1.977E+00
  6.304671E-01 1.862E+00
  6.464274E-01 1.754E+00
  6.627918E-01 1.651E+00
  6.795704E-01 1.555E+00
  6.967738E-01 1.464E+00
  7.144128E-01 1.377E+00
  7.324983E-01 1.296E+00
  7.510415E-01 1.219E+00
  7.700542E-01 1.147E+00
  7.895482E-01 1.079E+00
  8.095358E-01 1.014E+00
  8.300292E-01 9.533E-01
  8.510416E-01 8.959E-01
  8.725857E-01 8.419E-01
  8.946753E-01 7.909E-01
  9.173242E-01 7.429E-01
  9.405464E-01 6.977E-01
  9.643564E-01 6.551E-01
  9.887692E-01 6.150E-01
  1.013800E+00 5.773E-01
  1.039465E+00 5.417E-01
  1.065779E+00 5.083E-01
  1.092759E+00 4.768E-01
  1.120422E+00 4.472E-01
  1.148786E+00 4.194E-01
  1.177868E+00 3.932E-01
  1.207685E+00 3.686E-01
  1.238258E+00 3.454E-01
  1.269605E+00 3.237E-01
  1.301745E+00 3.032E-01
  1.334699E+00 2.841E-01
  1.368487E+00 2.660E-01
  1.403130E+00 2.491E-01
  1.438651E+00 2.332E-01
  1.475070E+00 2.183E-01
  1.512412E+00 2.043E-01
  1.550699E+00 1.912E-01
  1.589955E+00 1.789E-01
  1.630205E+00 1.673E-01
  1.671474E+00 1.565E-01
  1.713787E+00 1.463E-01
  1.757172E+00 1.368E-01
  1.801655E+00 1.279E-01
  1.847264E+00 1.195E-01
  1.894028E+00 1.117E-01
  1.941975E+00 1.043E-01
  1.991137E+00 9.744E-02
  2.041543E+00 9.101E-02
  2.093224E+00 8.498E-02
  2.146215E+00 7.934E-02
  2.200546E+00 7.407E-02
  2.256253E+00 6.913E-02
  2.313371E+00 6.451E-02
  2.371934E+00 6.019E-02
  2.431980E+00 5.615E-02
  2.493546E+00 5.238E-02
  2.556670E+00 4.885E-02
  2.621393E+00 4.555E-02
  2.687753E+00 4.246E-02
  2.755794E+00 3.958E-02
  2.825557E+00 3.689E-02
  2.897087E+00 3.438E-02
  2.970427E+00 3.203E-02
       3   1   1   200    3  -1.11111E-01     104
  1.011111E-01 3.051E+01
  1.035234E-01 2.908E+01
  1.059932E-01 2.772E+01
  1.085220E-01 2.642E+01
  1.111111E-01 2.518E+01
  1.139239E-01 2.393E+01
  1.168079E-01 2.274E+01
  1.197649E-01 2.161E+01
  1.227968E-01 2.053E+01
  1.259054E-01 1.950E+01
  1.290927E-01 1.852E+01
  1.323607E-01 1.759E+01
  1.357114E-01 1.670E+01
  1.391470E-01 1.586E+01
  1.426695E-01 1.505E+01
  1.462812E-01 1.429E+01
  1.499843E-01 1.356E+01
  1.537812E-01 1.287E+01
  1.576742E-01 1.221E+01
  1.616657E-01 1.158E+01
  1.657583E-01 1.099E+01
  1.699545E-01 1.042E+01
  1.742569E-01 9.882E+00
  1.786682E-01 9.371E+00
  1.831912E-01 8.884E+00
  1.878288E-01 8.422E+00
  1.925837E-01 7.982E+00
  1.974589E-01 7.565E+00
  2.024577E-01 7.169E+00
  2.075829E-01 6.792E+00
  2.128379E-01 6.434E+00
  2.182259E-01 6.095E+00
  2.237503E-01 5.772E+00
  2.294146E-01 5.466E+00
  2.352222E-01 5.176E+00
  2.411769E-01 4.900E+00
  2.472823E-01 4.638E+00
  2.535423E-01 4.390E+00
  2.599608E-01 4.155E+00
  2.665417E-01 3.931E+00
  2.732893E-01 3.719E+00
  2.802076E-01 3.518E+00
  2.873011E-01 3.328E+00
  2.945742E-01 3.147E+00
  3.020313E-01 2.976E+00
  3.096773E-01 2.813E+00
  3.175168E-01 2.660E+00
  3.255548E-01 2.514E+00
  3.337962E-01 2.376E+00
  3.422463E-01 2.245E+00
  3.509103E-01 2.121E+00
  3.597937E-01 2.004E+00
  3.689019E-01 1.892E+00
  3.782407E-01 1.787E+00
  3.878159E-01 1.687E+00
  3.976335E-01 1.593E+00
  4.076997E-01 1.504E+00
  4.180206E-01 1.419E+00
  4.286029E-01 1.340E+00
  4.394530E-01 1.264E+00
  4.505778E-01 1.192E+00
  4.619843E-01 1.125E+00
  4.736794E-01 1.061E+00
  4.856707E-01 1.000E+00
  4.979654E-01 9.431E-01
  5.105715E-01 8.891E-01
  5.234967E-01 8.380E-01
  5.367491E-01 7.898E-01
  5.503369E-01 7.442E-01
  5.642688E-01 7.011E-01
  5.785533E-01 6.604E-01
  5.931995E-01 6.220E-01
  6.082164E-01 5.857E-01
  6.236135E-01 5.515E-01
  6.394003E-01 5.191E-01
  6.555868E-01 4.886E-01
  6.721831E-01 4.598E-01
  6.891995E-01 4.327E-01
  7.066467E-01 4.070E-01
  7.245355E-01 3.829E-01
  7.428772E-01 3.601E-01
  7.616833E-01 3.386E-01
  7.809653E-01 3.183E-01
  8.007355E-01 2.992E-01
  8.210063E-01 2.812E-01
  8.417902E-01 2.643E-01
  8.631001E-01 2.483E-01
  8.849496E-01 2.333E-01
  9.073523E-01 2.191E-01
  9.303219E-01 2.058E-01
  9.538732E-01 1.932E-01
  9.780206E-01 1.814E-01
  1.002779E+00 1.702E-01
  1.028165E+00 1.598E-01
  1.054193E+00 1.499E-01
  1.080880E+00 1.406E-01
  1.108242E+00 1.319E-01
  1.136298E+00 1.237E-01
  1.165063E+00 1.160E-01
  1.194557E+00 1.088E-01
  1.224797E+00 1.019E-01
  1.255803E+00 9.555E-02
  1.287594E+00 8.953E-02
  1.320190E+00 8.388E-02
       4   1   1   200    4  -6.25000E-02     107
  5.250000E-02 5.324E+01
  5.382407E-02 5.060E+01
  5.518154E-02 4.810E+01
  5.657324E-02 4.571E+01
  5.800004E-02 4.345E+01
  5.946282E-02 4.129E+01
  6.096250E-02 3.925E+01
  6.250000E-02 3.730E+01
  6.408220E-02 3.545E+01
  6.570444E-02 3.368E+01
  6.736776E-02 3.200E+01
  6.907319E-02 3.040E+01
  7.082178E-02 2.888E+01
  7.261464E-02 2.743E+01
  7.445289E-02 2.605E+01
  7.633767E-02 2.474E+01
  7.827017E-02 2.349E+01
  8.025159E-02 2.231E+01
  8.228317E-02 2.118E+01
  8.436618E-02 2.010E+01
  8.650192E-02 1.908E+01
  8.869172E-02 1.811E+01
  9.093697E-02 1.719E+01
  9.323905E-02 1.632E+01
  9.559941E-02 1.548E+01
  9.801951E-02 1.469E+01
  1.005009E-01 1.394E+01
  1.030451E-01 1.322E+01
  1.056537E-01 1.254E+01
  1.083283E-01 1.190E+01
  1.110707E-01 1.129E+01
  1.138824E-01 1.070E+01
  1.167654E-01 1.015E+01
  1.197213E-01 9.624E+00
  1.227521E-01 9.125E+00
  1.258595E-01 8.651E+00
  1.290457E-01 8.201E+00
  1.323125E-01 7.774E+00
  1.356620E-01 7.368E+00
  1.390963E-01 6.983E+00
  1.426176E-01 6.618E+00
  1.462279E-01 6.271E+00
  1.499297E-01 5.942E+00
  1.537252E-01 5.629E+00
  1.576168E-01 5.333E+00
  1.616068E-01 5.051E+00
  1.656980E-01 4.784E+00
  1.698926E-01 4.531E+00
  1.741935E-01 4.291E+00
  1.786032E-01 4.063E+00
  1.831246E-01 3.847E+00
  1.877604E-01 3.642E+00
  1.925136E-01 3.447E+00
  1.973871E-01 3.263E+00
  2.023840E-01 3.088E+00
  2.075073E-01 2.923E+00
  2.127604E-01 2.766E+00
  2.181464E-01 2.617E+00
  2.236688E-01 2.476E+00
  2.293311E-01 2.342E+00
  2.351366E-01 2.215E+00
  2.410891E-01 2.095E+00
  2.471923E-01 1.981E+00
  2.534500E-01 1.873E+00
  2.598661E-01 1.771E+00
  2.664447E-01 1.675E+00
  2.731898E-01 1.583E+00
  2.801056E-01 1.496E+00
  2.871965E-01 1.414E+00
  2.944669E-01 1.336E+00
  3.019214E-01 1.262E+00
  3.095645E-01 1.193E+00
  3.174012E-01 1.127E+00
  3.254362E-01 1.064E+00
  3.336747E-01 1.005E+00
  3.421217E-01 9.491E-01
  3.507826E-01 8.961E-01
  3.596627E-01 8.460E-01
  3.687676E-01 7.986E-01
  3.781030E-01 7.538E-01
  3.876747E-01 7.114E-01
  3.974887E-01 6.713E-01
  4.075512E-01 6.334E-01
  4.178684E-01 5.975E-01
  4.284468E-01 5.636E-01
  4.392930E-01 5.316E-01
  4.504137E-01 5.013E-01
  4.618160E-01 4.726E-01
  4.735070E-01 4.456E-01
  4.854938E-01 4.200E-01
  4.977842E-01 3.959E-01
  5.103857E-01 3.731E-01
  5.233061E-01 3.515E-01
  5.365537E-01 3.312E-01
  5.501366E-01 3.120E-01
  5.640634E-01 2.938E-01
  5.783427E-01 2.767E-01
  5.929835E-01 2.605E-01
  6.079950E-01 2.453E-01
  6.233864E-01 2.309E-01
  6.391675E-01 2.173E-01
  6.553482E-01 2.045E-01
  6.719383E-01 1.924E-01
  6.889486E-01 1.810E-01
  7.063893E-01 1.703E-01
  7.242717E-01 1.601E-01
  7.426068E-01 1.506E-01
       5   1   1   200    5  -4.00000E-02     112
  3.000000E-02 9.217E+01
  3.072789E-02 8.773E+01
  3.147345E-02 8.351E+01
  3.223710E-02 7.949E+01
  3.301927E-02 7.567E+01
  3.382042E-02 7.202E+01
  3.464102E-02 6.856E+01
  3.548152E-02 6.526E+01
  3.634241E-02 6.212E+01
  3.722419E-02 5.913E+01
  3.812737E-02 5.628E+01
  3.905246E-02 5.357E+01
  4.000000E-02 5.100E+01
  4.101261E-02 4.844E+01
  4.205084E-02 4.601E+01
  4.311537E-02 4.370E+01
  4.420684E-02 4.150E+01
  4.532594E-02 3.941E+01
  4.647337E-02 3.742E+01
  4.764985E-02 3.553E+01
  4.885611E-02 3.373E+01
  5.009291E-02 3.202E+01
  5.136102E-02 3.040E+01
  5.266123E-02 2.886E+01
  5.399435E-02 2.739E+01
  5.536123E-02 2.600E+01
  5.676270E-02 2.467E+01
  5.819966E-02 2.342E+01
  5.967299E-02 2.222E+01
  6.118362E-02 2.109E+01
  6.273249E-02 2.001E+01
  6.432057E-02 1.898E+01
  6.594885E-02 1.801E+01
  6.761835E-02 1.709E+01
  6.933012E-02 1.621E+01
  7.108522E-02 1.537E+01
  7.288475E-02 1.458E+01
  7.472984E-02 1.383E+01
  7.662164E-02 1.312E+01
  7.856132E-02 1.244E+01
  8.055011E-02 1.180E+01
  8.258924E-02 1.119E+01
  8.468000E-02 1.061E+01
  8.682369E-02 1.006E+01
  8.902163E-02 9.534E+00
  9.127523E-02 9.038E+00
  9.358587E-02 8.568E+00
  9.595501E-02 8.122E+00
  9.838413E-02 7.698E+00
  1.008747E-01 7.296E+00
  1.034284E-01 6.915E+00
  1.060467E-01 6.553E+00
  1.087313E-01 6.210E+00
  1.114838E-01 5.884E+00
  1.143060E-01 5.575E+00
  1.171997E-01 5.282E+00
  1.201666E-01 5.004E+00
  1.232087E-01 4.740E+00
  1.263277E-01 4.490E+00
  1.295257E-01 4.253E+00
  1.328047E-01 4.028E+00
  1.361666E-01 3.815E+00
  1.396137E-01 3.613E+00
  1.431480E-01 3.421E+00
  1.467719E-01 3.239E+00
  1.504874E-01 3.067E+00
  1.542970E-01 2.903E+00
  1.582031E-01 2.749E+00
  1.622080E-01 2.602E+00
  1.663143E-01 2.463E+00
  1.705246E-01 2.331E+00
  1.748414E-01 2.206E+00
  1.792676E-01 2.087E+00
  1.838057E-01 1.975E+00
  1.884588E-01 1.869E+00
  1.932297E-01 1.768E+00
  1.981213E-01 1.673E+00
  2.031368E-01 1.582E+00
  2.082792E-01 1.497E+00
  2.135518E-01 1.415E+00
  2.189579E-01 1.338E+00
  2.245008E-01 1.266E+00
  2.301841E-01 1.197E+00
  2.360112E-01 1.131E+00
  2.419859E-01 1.070E+00
  2.481118E-01 1.011E+00
  2.543928E-01 9.557E-01
  2.608328E-01 9.032E-01
  2.674358E-01 8.535E-01
  2.742060E-01 8.065E-01
  2.811475E-01 7.620E-01
  2.882648E-01 7.199E-01
  2.955622E-01 6.800E-01
  3.030445E-01 6.423E-01
  3.107160E-01 6.066E-01
  3.185819E-01 5.728E-01
  3.266468E-01 5.409E-01
  3.349159E-01 5.107E-01
  3.433943E-01 4.821E-01
  3.520874E-01 4.551E-01
  3.610005E-01 4.295E-01
  3.701393E-01 4.053E-01
  3.795094E-01 3.825E-01
  3.891168E-01 3.609E-01
  3.989673E-01 3.404E-01
  4.090672E-01 3.211E-01
  4.194228E-01 3.029E-01
  4.300405E-01 2.856E-01
  4.409271E-01 2.693E-01
  4.520891E-01 2.539E-01
  4.635339E-01 2.394E-01
  4.752684E-01 2.256E-01
       6   1   1   200    6  -2.77778E-02     112
  2.083333E-02 1.202E+02
  2.133882E-02 1.143E+02
  2.185656E-02 1.088E+02
  2.238687E-02 1.035E+02
  2.293005E-02 9.849E+01
  2.348641E-02 9.371E+01
  2.405626E-02 8.917E+01
  2.463994E-02 8.484E+01
  2.523779E-02 8.072E+01
  2.585014E-02 7.681E+01
  2.647734E-02 7.308E+01
  2.711977E-02 6.953E+01
  2.777778E-02 6.616E+01
  2.848098E-02 6.282E+01
  2.920197E-02 5.964E+01
  2.994123E-02 5.662E+01
  3.069919E-02 5.375E+01
  3.147635E-02 5.102E+01
  3.227317E-02 4.843E+01
  3.309017E-02 4.597E+01
  3.392785E-02 4.363E+01
  3.478674E-02 4.141E+01
  3.566737E-02 3.929E+01
  3.657030E-02 3.729E+01
  3.749608E-02 3.539E+01
  3.844530E-02 3.358E+01
  3.941854E-02 3.186E+01
  4.041643E-02 3.023E+01
  4.143958E-02 2.868E+01
  4.248862E-02 2.721E+01
  4.356423E-02 2.581E+01
  4.466706E-02 2.449E+01
  4.579781E-02 2.323E+01
  4.695719E-02 2.203E+01
  4.814592E-02 2.090E+01
  4.936474E-02 1.982E+01
  5.061441E-02 1.880E+01
  5.189572E-02 1.783E+01
  5.320947E-02 1.691E+01
  5.455647E-02 1.603E+01
  5.593758E-02 1.520E+01
  5.735364E-02 1.442E+01
  5.880556E-02 1.367E+01
  6.029423E-02 1.296E+01
  6.182058E-02 1.229E+01
  6.338558E-02 1.165E+01
  6.499019E-02 1.104E+01
  6.663542E-02 1.047E+01
  6.832231E-02 9.924E+00
  7.005190E-02 9.407E+00
  7.182527E-02 8.917E+00
  7.364354E-02 8.452E+00
  7.550783E-02 8.010E+00
  7.741931E-02 7.592E+00
  7.937920E-02 7.194E+00
  8.138870E-02 6.818E+00
  8.344906E-02 6.461E+00
  8.556158E-02 6.122E+00
  8.772758E-02 5.801E+00
  8.994842E-02 5.496E+00
  9.222547E-02 5.207E+00
  9.456017E-02 4.933E+00
  9.695397E-02 4.673E+00
  9.940837E-02 4.427E+00
  1.019249E-01 4.194E+00
  1.045052E-01 3.972E+00
  1.071507E-01 3.762E+00
  1.098632E-01 3.563E+00
  1.126444E-01 3.375E+00
  1.154961E-01 3.196E+00
  1.184199E-01 3.026E+00
  1.214177E-01 2.866E+00
  1.244914E-01 2.713E+00
  1.276429E-01 2.569E+00
  1.308742E-01 2.432E+00
  1.341873E-01 2.303E+00
  1.375842E-01 2.180E+00
  1.410672E-01 2.063E+00
  1.446383E-01 1.953E+00
  1.482999E-01 1.849E+00
  1.520541E-01 1.750E+00
  1.559034E-01 1.656E+00
  1.598501E-01 1.567E+00
  1.638967E-01 1.483E+00
  1.680458E-01 1.403E+00
  1.722999E-01 1.327E+00
  1.766617E-01 1.256E+00
  1.811339E-01 1.188E+00
  1.857193E-01 1.124E+00
  1.904208E-01 1.063E+00
  1.952413E-01 1.005E+00
  2.001839E-01 9.505E-01
  2.052516E-01 8.988E-01
  2.104476E-01 8.499E-01
  2.157750E-01 8.036E-01
  2.212374E-01 7.597E-01
  2.268381E-01 7.182E-01
  2.325805E-01 6.789E-01
  2.384683E-01 6.417E-01
  2.445051E-01 6.064E-01
  2.506948E-01 5.731E-01
  2.570412E-01 5.415E-01
  2.635482E-01 5.117E-01
  2.702200E-01 4.834E-01
  2.770606E-01 4.567E-01
  2.840745E-01 4.314E-01
  2.912659E-01 4.074E-01
  2.986392E-01 3.848E-01
  3.061994E-01 3.634E-01
  3.139508E-01 3.431E-01
  3.218985E-01 3.239E-01
  3.300475E-01 3.058E-01
       7   1   1   200    7  -2.04082E-02     112
  1.530612E-02 1.509E+02
  1.567750E-02 1.435E+02
  1.605788E-02 1.365E+02
  1.644750E-02 1.299E+02
  1.684657E-02 1.235E+02
  1.725532E-02 1.175E+02
  1.767399E-02 1.117E+02
  1.810281E-02 1.063E+02
  1.854205E-02 1.011E+02
  1.899194E-02 9.613E+01
  1.945274E-02 9.143E+01
  1.992473E-02 8.696E+01
  2.040816E-02 8.271E+01
  2.092480E-02 7.850E+01
  2.145451E-02 7.450E+01
  2.199764E-02 7.070E+01
  2.255451E-02 6.709E+01
  2.312548E-02 6.366E+01
  2.371090E-02 6.041E+01
  2.431115E-02 5.732E+01
  2.492659E-02 5.438E+01
  2.555761E-02 5.159E+01
  2.620460E-02 4.895E+01
  2.686797E-02 4.644E+01
  2.754814E-02 4.405E+01
  2.824552E-02 4.179E+01
  2.896056E-02 3.964E+01
  2.969370E-02 3.760E+01
  3.044540E-02 3.567E+01
  3.121613E-02 3.383E+01
  3.200637E-02 3.208E+01
  3.281662E-02 3.043E+01
  3.364737E-02 2.886E+01
  3.449916E-02 2.737E+01
  3.537251E-02 2.595E+01
  3.626797E-02 2.461E+01
  3.718610E-02 2.334E+01
  3.812747E-02 2.213E+01
  3.909267E-02 2.098E+01
  4.008231E-02 1.990E+01
  4.109699E-02 1.886E+01
  4.213737E-02 1.788E+01
  4.320408E-02 1.696E+01
  4.429780E-02 1.608E+01
  4.541920E-02 1.524E+01
  4.656900E-02 1.445E+01
  4.774789E-02 1.370E+01
  4.895664E-02 1.298E+01
  5.019598E-02 1.231E+01
  5.146670E-02 1.166E+01
  5.276958E-02 1.106E+01
  5.410546E-02 1.048E+01
  5.547514E-02 9.931E+00
  5.687949E-02 9.413E+00
  5.831941E-02 8.920E+00
  5.979578E-02 8.454E+00
  6.130951E-02 8.011E+00
  6.286157E-02 7.592E+00
  6.445291E-02 7.194E+00
  6.608455E-02 6.817E+00
  6.775749E-02 6.459E+00
  6.947278E-02 6.120E+00
  7.123149E-02 5.798E+00
  7.303472E-02 5.494E+00
  7.488361E-02 5.205E+00
  7.677930E-02 4.931E+00
  7.872297E-02 4.671E+00
  8.071585E-02 4.425E+00
  8.275918E-02 4.192E+00
  8.485425E-02 3.971E+00
  8.700234E-02 3.761E+00
  8.920482E-02 3.562E+00
  9.146304E-02 3.374E+00
  9.377843E-02 3.195E+00
  9.615246E-02 3.026E+00
  9.858657E-02 2.866E+00
  1.010823E-01 2.714E+00
  1.036412E-01 2.570E+00
  1.062649E-01 2.433E+00
  1.089550E-01 2.304E+00
  1.117132E-01 2.181E+00
  1.145412E-01 2.065E+00
  1.174409E-01 1.955E+00
  1.204139E-01 1.851E+00
  1.234622E-01 1.752E+00
  1.265877E-01 1.659E+00
  1.297922E-01 1.570E+00
  1.330779E-01 1.486E+00
  1.364468E-01 1.406E+00
  1.399010E-01 1.331E+00
  1.434426E-01 1.259E+00
  1.470739E-01 1.192E+00
  1.507971E-01 1.128E+00
  1.546145E-01 1.067E+00
  1.585286E-01 1.010E+00
  1.625418E-01 9.551E-01
  1.666565E-01 9.035E-01
  1.708754E-01 8.547E-01
  1.752012E-01 8.084E-01
  1.796364E-01 7.646E-01
  1.841840E-01 7.232E-01
  1.888466E-01 6.839E-01
  1.936273E-01 6.467E-01
  1.985290E-01 6.115E-01
  2.035547E-01 5.782E-01
  2.087078E-01 5.467E-01
  2.139912E-01 5.168E-01
  2.194084E-01 4.885E-01
  2.249628E-01 4.618E-01
  2.306577E-01 4.364E-01
  2.364969E-01 4.125E-01
  2.424839E-01 3.898E-01
       8   1   1   200    8  -1.56250E-02     112
  1.171875E-02 1.843E+02
  1.200308E-02 1.752E+02
  1.229432E-02 1.666E+02
  1.259262E-02 1.584E+02
  1.289815E-02 1.506E+02
  1.321110E-02 1.432E+02
  1.353165E-02 1.361E+02
  1.385997E-02 1.294E+02
  1.419625E-02 1.231E+02
  1.454070E-02 1.170E+02
  1.489350E-02 1.113E+02
  1.525487E-02 1.058E+02
  1.562500E-02 1.006E+02
  1.602055E-02 9.542E+01
  1.642611E-02 9.053E+01
  1.684194E-02 8.588E+01
  1.726830E-02 8.147E+01
  1.770544E-02 7.728E+01
  1.815366E-02 7.331E+01
  1.861322E-02 6.953E+01
  1.908442E-02 6.595E+01
  1.956754E-02 6.256E+01
  2.006290E-02 5.933E+01
  2.057079E-02 5.627E+01
  2.109155E-02 5.337E+01
  2.162548E-02 5.061E+01
  2.217293E-02 4.799E+01
  2.273424E-02 4.551E+01
  2.330976E-02 4.316E+01
  2.389985E-02 4.093E+01
  2.450488E-02 3.881E+01
  2.512522E-02 3.680E+01
  2.576127E-02 3.489E+01
  2.641342E-02 3.308E+01
  2.708208E-02 3.136E+01
  2.776766E-02 2.974E+01
  2.847061E-02 2.819E+01
  2.919134E-02 2.673E+01
  2.993033E-02 2.534E+01
  3.068802E-02 2.402E+01
  3.146489E-02 2.277E+01
  3.226142E-02 2.158E+01
  3.307813E-02 2.046E+01
  3.391550E-02 1.940E+01
  3.477408E-02 1.838E+01
  3.565439E-02 1.743E+01
  3.655698E-02 1.652E+01
  3.748243E-02 1.565E+01
  3.843130E-02 1.484E+01
  3.940419E-02 1.406E+01
  4.040171E-02 1.333E+01
  4.142449E-02 1.263E+01
  4.247315E-02 1.197E+01
  4.354836E-02 1.134E+01
  4.465080E-02 1.075E+01
  4.578114E-02 1.019E+01
  4.694010E-02 9.654E+00
  4.812839E-02 9.148E+00
  4.934676E-02 8.669E+00
  5.059599E-02 8.214E+00
  5.187683E-02 7.783E+00
  5.319010E-02 7.374E+00
  5.453661E-02 6.987E+00
  5.591721E-02 6.620E+00
  5.733277E-02 6.272E+00
  5.878415E-02 5.942E+00
  6.027228E-02 5.629E+00
  6.179807E-02 5.333E+00
  6.336250E-02 5.052E+00
  6.496654E-02 4.786E+00
  6.661117E-02 4.534E+00
  6.829744E-02 4.295E+00
  7.002639E-02 4.068E+00
  7.179911E-02 3.853E+00
  7.361673E-02 3.650E+00
  7.548034E-02 3.457E+00
  7.739113E-02 3.274E+00
  7.935030E-02 3.101E+00
  8.135906E-02 2.937E+00
  8.341868E-02 2.781E+00
  8.553043E-02 2.634E+00
  8.769564E-02 2.494E+00
  8.991567E-02 2.362E+00
  9.219189E-02 2.236E+00
  9.452575E-02 2.118E+00
  9.691868E-02 2.005E+00
  9.937219E-02 1.898E+00
  1.018878E-01 1.797E+00
  1.044671E-01 1.702E+00
  1.071117E-01 1.611E+00
  1.098232E-01 1.525E+00
  1.126034E-01 1.443E+00
  1.154540E-01 1.366E+00
  1.183767E-01 1.293E+00
  1.213735E-01 1.224E+00
  1.244460E-01 1.159E+00
  1.275964E-01 1.097E+00
  1.308265E-01 1.038E+00
  1.341384E-01 9.820E-01
  1.375341E-01 9.292E-01
  1.410158E-01 8.793E-01
  1.445857E-01 8.320E-01
  1.482459E-01 7.871E-01
  1.519987E-01 7.447E-01
  1.558466E-01 7.045E-01
  1.597919E-01 6.664E-01
  1.638370E-01 6.304E-01
  1.679846E-01 5.963E-01
  1.722371E-01 5.640E-01
  1.765973E-01 5.334E-01
  1.810679E-01 5.044E-01
  1.856517E-01 4.770E-01
       9   1   1   200    9  -1.23457E-02     112
  9.259259E-03 2.201E+02
  9.483918E-03 2.092E+02
  9.714028E-03 1.989E+02
  9.949722E-03 1.890E+02
  1.019113E-02 1.797E+02
  1.043840E-02 1.708E+02
  1.069167E-02 1.623E+02
  1.095109E-02 1.543E+02
  1.121679E-02 1.467E+02
  1.148895E-02 1.394E+02
  1.176771E-02 1.325E+02
  1.205323E-02 1.259E+02
  1.234568E-02 1.197E+02
  1.265821E-02 1.135E+02
  1.297866E-02 1.077E+02
  1.330721E-02 1.021E+02
  1.364409E-02 9.685E+01
  1.398949E-02 9.184E+01
  1.434363E-02 8.709E+01
  1.470674E-02 8.259E+01
  1.507905E-02 7.831E+01
  1.546077E-02 7.426E+01
  1.585217E-02 7.041E+01
  1.625347E-02 6.676E+01
  1.666492E-02 6.330E+01
  1.708680E-02 6.001E+01
  1.751935E-02 5.690E+01
  1.796286E-02 5.394E+01
  1.841759E-02 5.114E+01
  1.888383E-02 4.848E+01
  1.936188E-02 4.596E+01
  1.985203E-02 4.357E+01
  2.035458E-02 4.130E+01
  2.086986E-02 3.915E+01
  2.139819E-02 3.711E+01
  2.193988E-02 3.518E+01
  2.249529E-02 3.335E+01
  2.306477E-02 3.161E+01
  2.364865E-02 2.996E+01
  2.424732E-02 2.840E+01
  2.486114E-02 2.691E+01
  2.549051E-02 2.551E+01
  2.613580E-02 2.418E+01
  2.679744E-02 2.291E+01
  2.747581E-02 2.172E+01
  2.817137E-02 2.058E+01
  2.888453E-02 1.950E+01
  2.961574E-02 1.848E+01
  3.036547E-02 1.752E+01
  3.113418E-02 1.660E+01
  3.192234E-02 1.573E+01
  3.273046E-02 1.491E+01
  3.355903E-02 1.413E+01
  3.440858E-02 1.338E+01
  3.527965E-02 1.268E+01
  3.617276E-02 1.202E+01
  3.708847E-02 1.139E+01
  3.802737E-02 1.079E+01
  3.899004E-02 1.022E+01
  3.997708E-02 9.686E+00
  4.098910E-02 9.178E+00
  4.202674E-02 8.695E+00
  4.309065E-02 8.238E+00
  4.418150E-02 7.805E+00
  4.529996E-02 7.394E+00
  4.644674E-02 7.005E+00
  4.762254E-02 6.637E+00
  4.882811E-02 6.287E+00
  5.006420E-02 5.956E+00
  5.133159E-02 5.642E+00
  5.263105E-02 5.345E+00
  5.396341E-02 5.063E+00
  5.532949E-02 4.796E+00
  5.673016E-02 4.543E+00
  5.816630E-02 4.303E+00
  5.963879E-02 4.076E+00
  6.114855E-02 3.861E+00
  6.269653E-02 3.657E+00
  6.428370E-02 3.463E+00
  6.591106E-02 3.280E+00
  6.757960E-02 3.107E+00
  6.929039E-02 2.942E+00
  7.104448E-02 2.786E+00
  7.284298E-02 2.639E+00
  7.468701E-02 2.499E+00
  7.657772E-02 2.366E+00
  7.851630E-02 2.241E+00
  8.050394E-02 2.122E+00
  8.254191E-02 2.009E+00
  8.463147E-02 1.902E+00
  8.677393E-02 1.801E+00
  8.897061E-02 1.705E+00
  9.122292E-02 1.615E+00
  9.353225E-02 1.529E+00
  9.590001E-02 1.447E+00
  9.832774E-02 1.370E+00
  1.008169E-01 1.297E+00
  1.033691E-01 1.228E+00
  1.059859E-01 1.162E+00
  1.086690E-01 1.100E+00
  1.114199E-01 1.041E+00
  1.142405E-01 9.855E-01
  1.171325E-01 9.327E-01
  1.200978E-01 8.827E-01
  1.231381E-01 8.354E-01
  1.262553E-01 7.905E-01
  1.294515E-01 7.481E-01
  1.327286E-01 7.079E-01
  1.360886E-01 6.698E-01
  1.395337E-01 6.337E-01
  1.430660E-01 5.996E-01
  1.466878E-01 5.672E-01
      10   1   1   200   10  -1.00000E-02     112
  7.500000E-03 2.583E+02
  7.681974E-03 2.455E+02
  7.868363E-03 2.333E+02
  8.059274E-03 2.217E+02
  8.254818E-03 2.106E+02
  8.455106E-03 2.002E+02
  8.660254E-03 1.902E+02
  8.870379E-03 1.808E+02
  9.085603E-03 1.718E+02
  9.306048E-03 1.632E+02
  9.531843E-03 1.551E+02
  9.763116E-03 1.474E+02
  1.000000E-02 1.401E+02
  1.025315E-02 1.328E+02
  1.051271E-02 1.259E+02
  1.077884E-02 1.194E+02
  1.105171E-02 1.132E+02
  1.133148E-02 1.073E+02
  1.161834E-02 1.017E+02
  1.191246E-02 9.645E+01
  1.221403E-02 9.143E+01
  1.252323E-02 8.667E+01
  1.284025E-02 8.216E+01
  1.316531E-02 7.789E+01
  1.349859E-02 7.383E+01
  1.384031E-02 6.998E+01
  1.419067E-02 6.634E+01
  1.454991E-02 6.288E+01
  1.491825E-02 5.960E+01
  1.529590E-02 5.649E+01
  1.568312E-02 5.354E+01
  1.608014E-02 5.074E+01
  1.648721E-02 4.809E+01
  1.690459E-02 4.558E+01
  1.733253E-02 4.320E+01
  1.777130E-02 4.094E+01
  1.822119E-02 3.880E+01
  1.868246E-02 3.677E+01
  1.915541E-02 3.484E+01
  1.964033E-02 3.302E+01
  2.013753E-02 3.129E+01
  2.064731E-02 2.965E+01
  2.117000E-02 2.810E+01
  2.170592E-02 2.663E+01
  2.225541E-02 2.523E+01
  2.281881E-02 2.391E+01
  2.339647E-02 2.265E+01
  2.398875E-02 2.147E+01
  2.459603E-02 2.034E+01
  2.521868E-02 1.927E+01
  2.585710E-02 1.826E+01
  2.651167E-02 1.730E+01
  2.718282E-02 1.639E+01
  2.787095E-02 1.553E+01
  2.857651E-02 1.472E+01
  2.929993E-02 1.394E+01
  3.004166E-02 1.321E+01
  3.080217E-02 1.251E+01
  3.158193E-02 1.186E+01
  3.238143E-02 1.123E+01
  3.320117E-02 1.064E+01
  3.404166E-02 1.008E+01
  3.490343E-02 9.551E+00
  3.578701E-02 9.048E+00
  3.669297E-02 8.571E+00
  3.762185E-02 8.120E+00
  3.857426E-02 7.692E+00
  3.955077E-02 7.286E+00
  4.055200E-02 6.902E+00
  4.157858E-02 6.538E+00
  4.263115E-02 6.194E+00
  4.371036E-02 5.867E+00
  4.481689E-02 5.557E+00
  4.595143E-02 5.264E+00
  4.711470E-02 4.986E+00
  4.830742E-02 4.723E+00
  4.953032E-02 4.473E+00
  5.078419E-02 4.237E+00
  5.206980E-02 4.013E+00
  5.338796E-02 3.801E+00
  5.473947E-02 3.600E+00
  5.612521E-02 3.409E+00
  5.754603E-02 3.229E+00
  5.900281E-02 3.058E+00
  6.049648E-02 2.896E+00
  6.202795E-02 2.743E+00
  6.359820E-02 2.597E+00
  6.520819E-02 2.460E+00
  6.685894E-02 2.329E+00
  6.855149E-02 2.206E+00
  7.028688E-02 2.088E+00
  7.206620E-02 1.978E+00
  7.389056E-02 1.873E+00
  7.576112E-02 1.773E+00
  7.767901E-02 1.679E+00
  7.964547E-02 1.590E+00
  8.166171E-02 1.505E+00
  8.372897E-02 1.425E+00
  8.584859E-02 1.349E+00
  8.802185E-02 1.277E+00
  9.025014E-02 1.209E+00
  9.253484E-02 1.145E+00
  9.487736E-02 1.083E+00
  9.727919E-02 1.026E+00
  9.974182E-02 9.708E-01
  1.022668E-01 9.189E-01
  1.048557E-01 8.698E-01
  1.075101E-01 8.232E-01
  1.102318E-01 7.791E-01
  1.130223E-01 7.374E-01
  1.158835E-01 6.978E-01
  1.188171E-01 6.604E-01
      11   1   1   211    1  -2.50000E-01     102
  2.400000E-01 1.535E+01
  2.449490E-01 1.442E+01
  2.500000E-01 1.355E+01
  2.563288E-01 1.255E+01
  2.628178E-01 1.162E+01
  2.694710E-01 1.076E+01
  2.762927E-01 9.959E+00
  2.832871E-01 9.217E+00
  2.904586E-01 8.528E+00
  2.978116E-01 7.889E+00
  3.053507E-01 7.297E+00
  3.130807E-01 6.747E+00
  3.210064E-01 6.238E+00
  3.291327E-01 5.766E+00
  3.374647E-01 5.328E+00
  3.460077E-01 4.923E+00
  3.547669E-01 4.548E+00
  3.637479E-01 4.200E+00
  3.729562E-01 3.878E+00
  3.823976E-01 3.580E+00
  3.920780E-01 3.305E+00
  4.020036E-01 3.050E+00
  4.121803E-01 2.814E+00
  4.226147E-01 2.595E+00
  4.333133E-01 2.393E+00
  4.442826E-01 2.207E+00
  4.555297E-01 2.034E+00
  4.670615E-01 1.875E+00
  4.788852E-01 1.728E+00
  4.910083E-01 1.592E+00
  5.034382E-01 1.466E+00
  5.161828E-01 1.350E+00
  5.292500E-01 1.243E+00
  5.426481E-01 1.145E+00
  5.563852E-01 1.054E+00
  5.704702E-01 9.695E-01
  5.849117E-01 8.919E-01
  5.997188E-01 8.204E-01
  6.149008E-01 7.545E-01
  6.304671E-01 6.938E-01
  6.464274E-01 6.378E-01
  6.627918E-01 5.862E-01
  6.795704E-01 5.387E-01
  6.967738E-01 4.949E-01
  7.144128E-01 4.546E-01
  7.324983E-01 4.175E-01
  7.510415E-01 3.834E-01
  7.700542E-01 3.519E-01
  7.895482E-01 3.230E-01
  8.095358E-01 2.964E-01
  8.300292E-01 2.720E-01
  8.510416E-01 2.495E-01
  8.725857E-01 2.288E-01
  8.946753E-01 2.098E-01
  9.173242E-01 1.924E-01
  9.405464E-01 1.763E-01
  9.643564E-01 1.616E-01
  9.887692E-01 1.481E-01
  1.013800E+00 1.356E-01
  1.039465E+00 1.242E-01
  1.065779E+00 1.138E-01
  1.092759E+00 1.042E-01
  1.120422E+00 9.534E-02
  1.148786E+00 8.726E-02
  1.177868E+00 7.984E-02
  1.207685E+00 7.305E-02
  1.238258E+00 6.682E-02
  1.269605E+00 6.111E-02
  1.301745E+00 5.587E-02
  1.334699E+00 5.108E-02
  1.368487E+00 4.669E-02
  1.403130E+00 4.267E-02
  1.438651E+00 3.898E-02
  1.475070E+00 3.561E-02
  1.512412E+00 3.253E-02
  1.550699E+00 2.970E-02
  1.589955E+00 2.712E-02
  1.630205E+00 2.476E-02
  1.671474E+00 2.260E-02
  1.713787E+00 2.062E-02
  1.757172E+00 1.881E-02
  1.801655E+00 1.716E-02
  1.847264E+00 1.565E-02
  1.894028E+00 1.427E-02
  1.941975E+00 1.301E-02
  1.991137E+00 1.186E-02
  2.041543E+00 1.081E-02
  2.093224E+00 9.852E-03
  2.146215E+00 8.976E-03
  2.200546E+00 8.177E-03
  2.256253E+00 7.447E-03
  2.313371E+00 6.782E-03
  2.371934E+00 6.175E-03
  2.431980E+00 5.621E-03
  2.493546E+00 5.116E-03
  2.556670E+00 4.656E-03
  2.621393E+00 4.236E-03
  2.687753E+00 3.854E-03
  2.755794E+00 3.505E-03
  2.825557E+00 3.188E-03
  2.897087E+00 2.899E-03
  2.970427E+00 2.635E-03
      12   1   1   211    2  -1.11111E-01     104
  1.011111E-01 3.279E+01
  1.035234E-01 3.095E+01
  1.059932E-01 2.922E+01
  1.085220E-01 2.758E+01
  1.111111E-01 2.604E+01
  1.139239E-01 2.449E+01
  1.168079E-01 2.304E+01
  1.197649E-01 2.166E+01
  1.227968E-01 2.036E+01
  1.259054E-01 1.913E+01
  1.290927E-01 1.797E+01
  1.323607E-01 1.688E+01
  1.357114E-01 1.585E+01
  1.391470E-01 1.487E+01
  1.426695E-01 1.396E+01
  1.462812E-01 1.309E+01
  1.499843E-01 1.228E+01
  1.537812E-01 1.151E+01
  1.576742E-01 1.079E+01
  1.616657E-01 1.011E+01
  1.657583E-01 9.471E+00
  1.699545E-01 8.869E+00
  1.742569E-01 8.304E+00
  1.786682E-01 7.772E+00
  1.831912E-01 7.273E+00
  1.878288E-01 6.803E+00
  1.925837E-01 6.363E+00
  1.974589E-01 5.949E+00
  2.024577E-01 5.560E+00
  2.075829E-01 5.195E+00
  2.128379E-01 4.853E+00
  2.182259E-01 4.533E+00
  2.237503E-01 4.232E+00
  2.294146E-01 3.950E+00
  2.352222E-01 3.686E+00
  2.411769E-01 3.438E+00
  2.472823E-01 3.207E+00
  2.535423E-01 2.990E+00
  2.599608E-01 2.787E+00
  2.665417E-01 2.597E+00
  2.732893E-01 2.419E+00
  2.802076E-01 2.253E+00
  2.873011E-01 2.097E+00
  2.945742E-01 1.952E+00
  3.020313E-01 1.817E+00
  3.096773E-01 1.690E+00
  3.175168E-01 1.572E+00
  3.255548E-01 1.461E+00
  3.337962E-01 1.358E+00
  3.422463E-01 1.262E+00
  3.509103E-01 1.173E+00
  3.597937E-01 1.089E+00
  3.689019E-01 1.011E+00
  3.782407E-01 9.389E-01
  3.878159E-01 8.713E-01
  3.976335E-01 8.083E-01
  4.076997E-01 7.498E-01
  4.180206E-01 6.952E-01
  4.286029E-01 6.445E-01
  4.394530E-01 5.973E-01
  4.505778E-01 5.534E-01
  4.619843E-01 5.126E-01
  4.736794E-01 4.747E-01
  4.856707E-01 4.395E-01
  4.979654E-01 4.068E-01
  5.105715E-01 3.764E-01
  5.234967E-01 3.482E-01
  5.367491E-01 3.220E-01
  5.503369E-01 2.977E-01
  5.642688E-01 2.752E-01
  5.785533E-01 2.543E-01
  5.931995E-01 2.349E-01
  6.082164E-01 2.170E-01
  6.236135E-01 2.004E-01
  6.394003E-01 1.850E-01
  6.555868E-01 1.707E-01
  6.721831E-01 1.575E-01
  6.891995E-01 1.453E-01
  7.066467E-01 1.340E-01
  7.245355E-01 1.235E-01
  7.428772E-01 1.139E-01
  7.616833E-01 1.049E-01
  7.809653E-01 9.666E-02
  8.007355E-01 8.903E-02
  8.210063E-01 8.198E-02
  8.417902E-01 7.547E-02
  8.631001E-01 6.946E-02
  8.849496E-01 6.391E-02
  9.073523E-01 5.879E-02
  9.303219E-01 5.407E-02
  9.538732E-01 4.971E-02
  9.780206E-01 4.570E-02
  1.002779E+00 4.200E-02
  1.028165E+00 3.859E-02
  1.054193E+00 3.545E-02
  1.080880E+00 3.255E-02
  1.108242E+00 2.989E-02
  1.136298E+00 2.743E-02
  1.165063E+00 2.518E-02
  1.194557E+00 2.310E-02
  1.224797E+00 2.119E-02
  1.255803E+00 1.943E-02
  1.287594E+00 1.782E-02
  1.320190E+00 1.633E-02
      13   1   1   211    3  -6.25000E-02     107
  5.250000E-02 5.839E+01
  5.382407E-02 5.520E+01
  5.518154E-02 5.219E+01
  5.657324E-02 4.934E+01
  5.800004E-02 4.665E+01
  5.946282E-02 4.410E+01
  6.096250E-02 4.169E+01
  6.250000E-02 3.942E+01
  6.408220E-02 3.726E+01
  6.570444E-02 3.521E+01
  6.736776E-02 3.327E+01
  6.907319E-02 3.143E+01
  7.082178E-02 2.968E+01
  7.261464E-02 2.803E+01
  7.445289E-02 2.646E+01
  7.633767E-02 2.497E+01
  7.827017E-02 2.357E+01
  8.025159E-02 2.223E+01
  8.228317E-02 2.097E+01
  8.436618E-02 1.978E+01
  8.650192E-02 1.865E+01
  8.869172E-02 1.758E+01
  9.093697E-02 1.657E+01
  9.323905E-02 1.561E+01
  9.559941E-02 1.471E+01
  9.801951E-02 1.385E+01
  1.005009E-01 1.304E+01
  1.030451E-01 1.228E+01
  1.056537E-01 1.156E+01
  1.083283E-01 1.087E+01
  1.110707E-01 1.023E+01
  1.138824E-01 9.623E+00
  1.167654E-01 9.049E+00
  1.197213E-01 8.507E+00
  1.227521E-01 7.996E+00
  1.258595E-01 7.514E+00
  1.290457E-01 7.060E+00
  1.323125E-01 6.631E+00
  1.356620E-01 6.227E+00
  1.390963E-01 5.846E+00
  1.426176E-01 5.487E+00
  1.462279E-01 5.149E+00
  1.499297E-01 4.831E+00
  1.537252E-01 4.531E+00
  1.576168E-01 4.249E+00
  1.616068E-01 3.983E+00
  1.656980E-01 3.733E+00
  1.698926E-01 3.498E+00
  1.741935E-01 3.277E+00
  1.786032E-01 3.069E+00
  1.831246E-01 2.873E+00
  1.877604E-01 2.690E+00
  1.925136E-01 2.517E+00
  1.973871E-01 2.355E+00
  2.023840E-01 2.203E+00
  2.075073E-01 2.060E+00
  2.127604E-01 1.926E+00
  2.181464E-01 1.800E+00
  2.236688E-01 1.682E+00
  2.293311E-01 1.571E+00
  2.351366E-01 1.468E+00
  2.410891E-01 1.370E+00
  2.471923E-01 1.279E+00
  2.534500E-01 1.194E+00
  2.598661E-01 1.114E+00
  2.664447E-01 1.039E+00
  2.731898E-01 9.687E-01
  2.801056E-01 9.031E-01
  2.871965E-01 8.417E-01
  2.944669E-01 7.842E-01
  3.019214E-01 7.305E-01
  3.095645E-01 6.803E-01
  3.174012E-01 6.334E-01
  3.254362E-01 5.895E-01
  3.336747E-01 5.486E-01
  3.421217E-01 5.103E-01
  3.507826E-01 4.746E-01
  3.596627E-01 4.413E-01
  3.687676E-01 4.102E-01
  3.781030E-01 3.812E-01
  3.876747E-01 3.541E-01
  3.974887E-01 3.289E-01
  4.075512E-01 3.054E-01
  4.178684E-01 2.835E-01
  4.284468E-01 2.631E-01
  4.392930E-01 2.441E-01
  4.504137E-01 2.264E-01
  4.618160E-01 2.100E-01
  4.735070E-01 1.946E-01
  4.854938E-01 1.804E-01
  4.977842E-01 1.671E-01
  5.103857E-01 1.548E-01
  5.233061E-01 1.434E-01
  5.365537E-01 1.327E-01
  5.501366E-01 1.229E-01
  5.640634E-01 1.137E-01
  5.783427E-01 1.052E-01
  5.929835E-01 9.726E-02
  6.079950E-01 8.993E-02
  6.233864E-01 8.313E-02
  6.391675E-01 7.682E-02
  6.553482E-01 7.097E-02
  6.719383E-01 6.555E-02
  6.889486E-01 6.053E-02
  7.063893E-01 5.587E-02
  7.242717E-01 5.157E-02
  7.426068E-01 4.758E-02
      14   1   1   211    4  -4.00000E-02     112
  3.000000E-02 1.012E+02
  3.072789E-02 9.600E+01
  3.147345E-02 9.111E+01
  3.223710E-02 8.647E+01
  3.301927E-02 8.206E+01
  3.382042E-02 7.788E+01
  3.464102E-02 7.391E+01
  3.548152E-02 7.015E+01
  3.634241E-02 6.657E+01
  3.722419E-02 6.318E+01
  3.812737E-02 5.996E+01
  3.905246E-02 5.691E+01
  4.000000E-02 5.401E+01
  4.101261E-02 5.114E+01
  4.205084E-02 4.842E+01
  4.311537E-02 4.584E+01
  4.420684E-02 4.338E+01
  4.532594E-02 4.106E+01
  4.647337E-02 3.885E+01
  4.764985E-02 3.676E+01
  4.885611E-02 3.477E+01
  5.009291E-02 3.288E+01
  5.136102E-02 3.110E+01
  5.266123E-02 2.940E+01
  5.399435E-02 2.780E+01
  5.536123E-02 2.627E+01
  5.676270E-02 2.483E+01
  5.819966E-02 2.346E+01
  5.967299E-02 2.217E+01
  6.118362E-02 2.094E+01
  6.273249E-02 1.978E+01
  6.432057E-02 1.867E+01
  6.594885E-02 1.763E+01
  6.761835E-02 1.664E+01
  6.933012E-02 1.571E+01
  7.108522E-02 1.482E+01
  7.288475E-02 1.399E+01
  7.472984E-02 1.319E+01
  7.662164E-02 1.244E+01
  7.856132E-02 1.174E+01
  8.055011E-02 1.106E+01
  8.258924E-02 1.043E+01
  8.468000E-02 9.831E+00
  8.682369E-02 9.264E+00
  8.902163E-02 8.728E+00
  9.127523E-02 8.222E+00
  9.358587E-02 7.743E+00
  9.595501E-02 7.291E+00
  9.838413E-02 6.864E+00
  1.008747E-01 6.461E+00
  1.034284E-01 6.081E+00
  1.060467E-01 5.721E+00
  1.087313E-01 5.382E+00
  1.114838E-01 5.062E+00
  1.143060E-01 4.760E+00
  1.171997E-01 4.475E+00
  1.201666E-01 4.206E+00
  1.232087E-01 3.953E+00
  1.263277E-01 3.714E+00
  1.295257E-01 3.489E+00
  1.328047E-01 3.277E+00
  1.361666E-01 3.077E+00
  1.396137E-01 2.888E+00
  1.431480E-01 2.711E+00
  1.467719E-01 2.544E+00
  1.504874E-01 2.386E+00
  1.542970E-01 2.238E+00
  1.582031E-01 2.099E+00
  1.622080E-01 1.968E+00
  1.663143E-01 1.844E+00
  1.705246E-01 1.728E+00
  1.748414E-01 1.619E+00
  1.792676E-01 1.517E+00
  1.838057E-01 1.420E+00
  1.884588E-01 1.330E+00
  1.932297E-01 1.245E+00
  1.981213E-01 1.165E+00
  2.031368E-01 1.090E+00
  2.082792E-01 1.019E+00
  2.135518E-01 9.529E-01
  2.189579E-01 8.909E-01
  2.245008E-01 8.326E-01
  2.301841E-01 7.780E-01
  2.360112E-01 7.268E-01
  2.419859E-01 6.788E-01
  2.481118E-01 6.338E-01
  2.543928E-01 5.916E-01
  2.608328E-01 5.521E-01
  2.674358E-01 5.152E-01
  2.742060E-01 4.805E-01
  2.811475E-01 4.481E-01
  2.882648E-01 4.178E-01
  2.955622E-01 3.894E-01
  3.030445E-01 3.628E-01
  3.107160E-01 3.380E-01
  3.185819E-01 3.148E-01
  3.266468E-01 2.931E-01
  3.349159E-01 2.728E-01
  3.433943E-01 2.539E-01
  3.520874E-01 2.362E-01
  3.610005E-01 2.197E-01
  3.701393E-01 2.043E-01
  3.795094E-01 1.899E-01
  3.891168E-01 1.765E-01
  3.989673E-01 1.640E-01
  4.090672E-01 1.523E-01
  4.194228E-01 1.415E-01
  4.300405E-01 1.313E-01
  4.409271E-01 1.219E-01
  4.520891E-01 1.131E-01
  4.635339E-01 1.049E-01
  4.752684E-01 9.732E-02
      15   1   1   211    5  -2.77778E-02     112
  2.083333E-02 1.298E+02
  2.133882E-02 1.232E+02
  2.185656E-02 1.170E+02
  2.238687E-02 1.112E+02
  2.293005E-02 1.056E+02
  2.348641E-02 1.003E+02
  2.405626E-02 9.521E+01
  2.463994E-02 9.042E+01
  2.523779E-02 8.588E+01
  2.585014E-02 8.156E+01
  2.647734E-02 7.746E+01
  2.711977E-02 7.356E+01
  2.777778E-02 6.986E+01
  2.848098E-02 6.620E+01
  2.920197E-02 6.273E+01
  2.994123E-02 5.943E+01
  3.069919E-02 5.630E+01
  3.147635E-02 5.333E+01
  3.227317E-02 5.051E+01
  3.309017E-02 4.783E+01
  3.392785E-02 4.529E+01
  3.478674E-02 4.288E+01
  3.566737E-02 4.059E+01
  3.657030E-02 3.842E+01
  3.749608E-02 3.636E+01
  3.844530E-02 3.441E+01
  3.941854E-02 3.256E+01
  4.041643E-02 3.081E+01
  4.143958E-02 2.914E+01
  4.248862E-02 2.757E+01
  4.356423E-02 2.607E+01
  4.466706E-02 2.466E+01
  4.579781E-02 2.331E+01
  4.695719E-02 2.204E+01
  4.814592E-02 2.083E+01
  4.936474E-02 1.969E+01
  5.061441E-02 1.861E+01
  5.189572E-02 1.759E+01
  5.320947E-02 1.662E+01
  5.455647E-02 1.570E+01
  5.593758E-02 1.483E+01
  5.735364E-02 1.400E+01
  5.880556E-02 1.322E+01
  6.029423E-02 1.248E+01
  6.182058E-02 1.179E+01
  6.338558E-02 1.112E+01
  6.499019E-02 1.050E+01
  6.663542E-02 9.907E+00
  6.832231E-02 9.347E+00
  7.005190E-02 8.817E+00
  7.182527E-02 8.316E+00
  7.364354E-02 7.843E+00
  7.550783E-02 7.395E+00
  7.741931E-02 6.971E+00
  7.937920E-02 6.571E+00
  8.138870E-02 6.193E+00
  8.344906E-02 5.836E+00
  8.556158E-02 5.498E+00
  8.772758E-02 5.179E+00
  8.994842E-02 4.878E+00
  9.222547E-02 4.593E+00
  9.456017E-02 4.325E+00
  9.695397E-02 4.071E+00
  9.940837E-02 3.831E+00
  1.019249E-01 3.605E+00
  1.045052E-01 3.392E+00
  1.071507E-01 3.191E+00
  1.098632E-01 3.001E+00
  1.126444E-01 2.822E+00
  1.154961E-01 2.653E+00
  1.184199E-01 2.493E+00
  1.214177E-01 2.343E+00
  1.244914E-01 2.202E+00
  1.276429E-01 2.068E+00
  1.308742E-01 1.943E+00
  1.341873E-01 1.824E+00
  1.375842E-01 1.712E+00
  1.410672E-01 1.607E+00
  1.446383E-01 1.508E+00
  1.482999E-01 1.415E+00
  1.520541E-01 1.328E+00
  1.559034E-01 1.245E+00
  1.598501E-01 1.167E+00
  1.638967E-01 1.094E+00
  1.680458E-01 1.026E+00
  1.722999E-01 9.612E-01
  1.766617E-01 9.004E-01
  1.811339E-01 8.434E-01
  1.857193E-01 7.897E-01
  1.904208E-01 7.393E-01
  1.952413E-01 6.920E-01
  2.001839E-01 6.475E-01
  2.052516E-01 6.058E-01
  2.104476E-01 5.666E-01
  2.157750E-01 5.298E-01
  2.212374E-01 4.953E-01
  2.268381E-01 4.630E-01
  2.325805E-01 4.326E-01
  2.384683E-01 4.041E-01
  2.445051E-01 3.775E-01
  2.506948E-01 3.525E-01
  2.570412E-01 3.290E-01
  2.635482E-01 3.071E-01
  2.702200E-01 2.865E-01
  2.770606E-01 2.673E-01
  2.840745E-01 2.493E-01
  2.912659E-01 2.324E-01
  2.986392E-01 2.166E-01
  3.061994E-01 2.019E-01
  3.139508E-01 1.881E-01
  3.218985E-01 1.752E-01
  3.300475E-01 1.631E-01
      16   1   1   211    6  -2.04082E-02     112
  1.530612E-02 1.610E+02
  1.567750E-02 1.530E+02
  1.605788E-02 1.453E+02
  1.644750E-02 1.381E+02
  1.684657E-02 1.311E+02
  1.725532E-02 1.246E+02
  1.767399E-02 1.184E+02
  1.810281E-02 1.124E+02
  1.854205E-02 1.068E+02
  1.899194E-02 1.015E+02
  1.945274E-02 9.638E+01
  1.992473E-02 9.156E+01
  2.040816E-02 8.698E+01
  2.092480E-02 8.245E+01
  2.145451E-02 7.814E+01
  2.199764E-02 7.406E+01
  2.255451E-02 7.018E+01
  2.312548E-02 6.650E+01
  2.371090E-02 6.301E+01
  2.431115E-02 5.969E+01
  2.492659E-02 5.655E+01
  2.555761E-02 5.356E+01
  2.620460E-02 5.073E+01
  2.686797E-02 4.805E+01
  2.754814E-02 4.550E+01
  2.824552E-02 4.308E+01
  2.896056E-02 4.079E+01
  2.969370E-02 3.862E+01
  3.044540E-02 3.656E+01
  3.121613E-02 3.460E+01
  3.200637E-02 3.275E+01
  3.281662E-02 3.099E+01
  3.364737E-02 2.933E+01
  3.449916E-02 2.775E+01
  3.537251E-02 2.625E+01
  3.626797E-02 2.484E+01
  3.718610E-02 2.349E+01
  3.812747E-02 2.222E+01
  3.909267E-02 2.101E+01
  4.008231E-02 1.987E+01
  4.109699E-02 1.879E+01
  4.213737E-02 1.776E+01
  4.320408E-02 1.679E+01
  4.429780E-02 1.587E+01
  4.541920E-02 1.500E+01
  4.656900E-02 1.418E+01
  4.774789E-02 1.340E+01
  4.895664E-02 1.266E+01
  5.019598E-02 1.196E+01
  5.146670E-02 1.129E+01
  5.276958E-02 1.067E+01
  5.410546E-02 1.007E+01
  5.547514E-02 9.511E+00
  5.687949E-02 8.980E+00
  5.831941E-02 8.477E+00
  5.979578E-02 8.001E+00
  6.130951E-02 7.551E+00
  6.286157E-02 7.126E+00
  6.445291E-02 6.723E+00
  6.608455E-02 6.343E+00
  6.775749E-02 5.983E+00
  6.947278E-02 5.642E+00
  7.123149E-02 5.321E+00
  7.303472E-02 5.017E+00
  7.488361E-02 4.729E+00
  7.677930E-02 4.458E+00
  7.872297E-02 4.201E+00
  8.071585E-02 3.959E+00
  8.275918E-02 3.730E+00
  8.485425E-02 3.514E+00
  8.700234E-02 3.309E+00
  8.920482E-02 3.116E+00
  9.146304E-02 2.934E+00
  9.377843E-02 2.762E+00
  9.615246E-02 2.600E+00
  9.858657E-02 2.447E+00
  1.010823E-01 2.302E+00
  1.036412E-01 2.166E+00
  1.062649E-01 2.037E+00
  1.089550E-01 1.916E+00
  1.117132E-01 1.802E+00
  1.145412E-01 1.694E+00
  1.174409E-01 1.592E+00
  1.204139E-01 1.496E+00
  1.234622E-01 1.406E+00
  1.265877E-01 1.320E+00
  1.297922E-01 1.240E+00
  1.330779E-01 1.165E+00
  1.364468E-01 1.093E+00
  1.399010E-01 1.026E+00
  1.434426E-01 9.631E-01
  1.470739E-01 9.037E-01
  1.507971E-01 8.478E-01
  1.546145E-01 7.951E-01
  1.585286E-01 7.456E-01
  1.625418E-01 6.990E-01
  1.666565E-01 6.552E-01
  1.708754E-01 6.140E-01
  1.752012E-01 5.752E-01
  1.796364E-01 5.388E-01
  1.841840E-01 5.046E-01
  1.888466E-01 4.725E-01
  1.936273E-01 4.423E-01
  1.985290E-01 4.139E-01
  2.035547E-01 3.873E-01
  2.087078E-01 3.623E-01
  2.139912E-01 3.388E-01
  2.194084E-01 3.168E-01
  2.249628E-01 2.961E-01
  2.306577E-01 2.767E-01
  2.364969E-01 2.586E-01
  2.424839E-01 2.415E-01
      17   1   1   211    7  -1.56250E-02     112
  1.171875E-02 1.949E+02
  1.200308E-02 1.851E+02
  1.229432E-02 1.759E+02
  1.259262E-02 1.671E+02
  1.289815E-02 1.587E+02
  1.321110E-02 1.508E+02
  1.353165E-02 1.433E+02
  1.385997E-02 1.361E+02
  1.419625E-02 1.293E+02
  1.454070E-02 1.228E+02
  1.489350E-02 1.167E+02
  1.525487E-02 1.109E+02
  1.562500E-02 1.053E+02
  1.602055E-02 9.985E+01
  1.642611E-02 9.464E+01
  1.684194E-02 8.970E+01
  1.726830E-02 8.502E+01
  1.770544E-02 8.057E+01
  1.815366E-02 7.635E+01
  1.861322E-02 7.234E+01
  1.908442E-02 6.854E+01
  1.956754E-02 6.494E+01
  2.006290E-02 6.152E+01
  2.057079E-02 5.828E+01
  2.109155E-02 5.520E+01
  2.162548E-02 5.229E+01
  2.217293E-02 4.952E+01
  2.273424E-02 4.690E+01
  2.330976E-02 4.441E+01
  2.389985E-02 4.205E+01
  2.450488E-02 3.981E+01
  2.512522E-02 3.769E+01
  2.576127E-02 3.568E+01
  2.641342E-02 3.378E+01
  2.708208E-02 3.197E+01
  2.776766E-02 3.026E+01
  2.847061E-02 2.864E+01
  2.919134E-02 2.710E+01
  2.993033E-02 2.564E+01
  3.068802E-02 2.426E+01
  3.146489E-02 2.296E+01
  3.226142E-02 2.172E+01
  3.307813E-02 2.054E+01
  3.391550E-02 1.943E+01
  3.477408E-02 1.838E+01
  3.565439E-02 1.738E+01
  3.655698E-02 1.643E+01
  3.748243E-02 1.554E+01
  3.843130E-02 1.469E+01
  3.940419E-02 1.389E+01
  4.040171E-02 1.313E+01
  4.142449E-02 1.241E+01
  4.247315E-02 1.173E+01
  4.354836E-02 1.108E+01
  4.465080E-02 1.047E+01
  4.578114E-02 9.891E+00
  4.694010E-02 9.344E+00
  4.812839E-02 8.827E+00
  4.934676E-02 8.337E+00
  5.059599E-02 7.873E+00
  5.187683E-02 7.435E+00
  5.319010E-02 7.020E+00
  5.453661E-02 6.627E+00
  5.591721E-02 6.256E+00
  5.733277E-02 5.905E+00
  5.878415E-02 5.573E+00
  6.027228E-02 5.258E+00
  6.179807E-02 4.961E+00
  6.336250E-02 4.681E+00
  6.496654E-02 4.415E+00
  6.661117E-02 4.164E+00
  6.829744E-02 3.927E+00
  7.002639E-02 3.703E+00
  7.179911E-02 3.491E+00
  7.361673E-02 3.291E+00
  7.548034E-02 3.102E+00
  7.739113E-02 2.923E+00
  7.935030E-02 2.754E+00
  8.135906E-02 2.595E+00
  8.341868E-02 2.444E+00
  8.553043E-02 2.302E+00
  8.769564E-02 2.168E+00
  8.991567E-02 2.041E+00
  9.219189E-02 1.922E+00
  9.452575E-02 1.809E+00
  9.691868E-02 1.702E+00
  9.937219E-02 1.602E+00
  1.018878E-01 1.507E+00
  1.044671E-01 1.417E+00
  1.071117E-01 1.333E+00
  1.098232E-01 1.254E+00
  1.126034E-01 1.179E+00
  1.154540E-01 1.108E+00
  1.183767E-01 1.041E+00
  1.213735E-01 9.783E-01
  1.244460E-01 9.191E-01
  1.275964E-01 8.633E-01
  1.308265E-01 8.108E-01
  1.341384E-01 7.613E-01
  1.375341E-01 7.146E-01
  1.410158E-01 6.708E-01
  1.445857E-01 6.294E-01
  1.482459E-01 5.905E-01
  1.519987E-01 5.539E-01
  1.558466E-01 5.195E-01
  1.597919E-01 4.871E-01
  1.638370E-01 4.566E-01
  1.679846E-01 4.280E-01
  1.722371E-01 4.010E-01
  1.765973E-01 3.757E-01
  1.810679E-01 3.519E-01
  1.856517E-01 3.296E-01
      18   1   1   211    8  -1.23457E-02     112
  9.259259E-03 2.312E+02
  9.483918E-03 2.196E+02
  9.714028E-03 2.086E+02
  9.949722E-03 1.982E+02
  1.019113E-02 1.883E+02
  1.043840E-02 1.788E+02
  1.069167E-02 1.699E+02
  1.095109E-02 1.614E+02
  1.121679E-02 1.533E+02
  1.148895E-02 1.457E+02
  1.176771E-02 1.384E+02
  1.205323E-02 1.315E+02
  1.234568E-02 1.249E+02
  1.265821E-02 1.184E+02
  1.297866E-02 1.122E+02
  1.330721E-02 1.063E+02
  1.364409E-02 1.008E+02
  1.398949E-02 9.551E+01
  1.434363E-02 9.051E+01
  1.470674E-02 8.577E+01
  1.507905E-02 8.127E+01
  1.546077E-02 7.700E+01
  1.585217E-02 7.295E+01
  1.625347E-02 6.911E+01
  1.666492E-02 6.547E+01
  1.708680E-02 6.202E+01
  1.751935E-02 5.874E+01
  1.796286E-02 5.564E+01
  1.841759E-02 5.270E+01
  1.888383E-02 4.991E+01
  1.936188E-02 4.726E+01
  1.985203E-02 4.475E+01
  2.035458E-02 4.238E+01
  2.086986E-02 4.012E+01
  2.139819E-02 3.799E+01
  2.193988E-02 3.596E+01
  2.249529E-02 3.404E+01
  2.306477E-02 3.223E+01
  2.364865E-02 3.050E+01
  2.424732E-02 2.887E+01
  2.486114E-02 2.732E+01
  2.549051E-02 2.586E+01
  2.613580E-02 2.447E+01
  2.679744E-02 2.315E+01
  2.747581E-02 2.191E+01
  2.817137E-02 2.073E+01
  2.888453E-02 1.961E+01
  2.961574E-02 1.855E+01
  3.036547E-02 1.754E+01
  3.113418E-02 1.659E+01
  3.192234E-02 1.569E+01
  3.273046E-02 1.484E+01
  3.355903E-02 1.403E+01
  3.440858E-02 1.327E+01
  3.527965E-02 1.255E+01
  3.617276E-02 1.186E+01
  3.708847E-02 1.121E+01
  3.802737E-02 1.060E+01
  3.899004E-02 1.002E+01
  3.997708E-02 9.466E+00
  4.098910E-02 8.945E+00
  4.202674E-02 8.453E+00
  4.309065E-02 7.986E+00
  4.418150E-02 7.545E+00
  4.529996E-02 7.127E+00
  4.644674E-02 6.732E+00
  4.762254E-02 6.358E+00
  4.882811E-02 6.004E+00
  5.006420E-02 5.669E+00
  5.133159E-02 5.353E+00
  5.263105E-02 5.053E+00
  5.396341E-02 4.770E+00
  5.532949E-02 4.502E+00
  5.673016E-02 4.249E+00
  5.816630E-02 4.010E+00
  5.963879E-02 3.783E+00
  6.114855E-02 3.569E+00
  6.269653E-02 3.367E+00
  6.428370E-02 3.176E+00
  6.591106E-02 2.995E+00
  6.757960E-02 2.824E+00
  6.929039E-02 2.663E+00
  7.104448E-02 2.510E+00
  7.284298E-02 2.366E+00
  7.468701E-02 2.230E+00
  7.657772E-02 2.102E+00
  7.851630E-02 1.980E+00
  8.050394E-02 1.866E+00
  8.254191E-02 1.757E+00
  8.463147E-02 1.655E+00
  8.677393E-02 1.558E+00
  8.897061E-02 1.467E+00
  9.122292E-02 1.381E+00
  9.353225E-02 1.300E+00
  9.590001E-02 1.224E+00
  9.832774E-02 1.151E+00
  1.008169E-01 1.083E+00
  1.033691E-01 1.019E+00
  1.059859E-01 9.583E-01
  1.086690E-01 9.012E-01
  1.114199E-01 8.473E-01
  1.142405E-01 7.964E-01
  1.171325E-01 7.485E-01
  1.200978E-01 7.034E-01
  1.231381E-01 6.608E-01
  1.262553E-01 6.208E-01
  1.294515E-01 5.830E-01
  1.327286E-01 5.474E-01
  1.360886E-01 5.140E-01
  1.395337E-01 4.824E-01
  1.430660E-01 4.527E-01
  1.466878E-01 4.248E-01
      19   1   1   211    9  -1.00000E-02     112
  7.500000E-03 2.698E+02
  7.681974E-03 2.563E+02
  7.868363E-03 2.434E+02
  8.059274E-03 2.312E+02
  8.254818E-03 2.197E+02
  8.455106E-03 2.087E+02
  8.660254E-03 1.982E+02
  8.870379E-03 1.883E+02
  9.085603E-03 1.788E+02
  9.306048E-03 1.699E+02
  9.531843E-03 1.614E+02
  9.763116E-03 1.533E+02
  1.000000E-02 1.456E+02
  1.025315E-02 1.380E+02
  1.051271E-02 1.308E+02
  1.077884E-02 1.240E+02
  1.105171E-02 1.175E+02
  1.133148E-02 1.113E+02
  1.161834E-02 1.055E+02
  1.191246E-02 9.995E+01
  1.221403E-02 9.471E+01
  1.252323E-02 8.973E+01
  1.284025E-02 8.501E+01
  1.316531E-02 8.054E+01
  1.349859E-02 7.630E+01
  1.384031E-02 7.227E+01
  1.419067E-02 6.846E+01
  1.454991E-02 6.485E+01
  1.491825E-02 6.142E+01
  1.529590E-02 5.817E+01
  1.568312E-02 5.509E+01
  1.608014E-02 5.217E+01
  1.648721E-02 4.941E+01
  1.690459E-02 4.678E+01
  1.733253E-02 4.430E+01
  1.777130E-02 4.194E+01
  1.822119E-02 3.971E+01
  1.868246E-02 3.760E+01
  1.915541E-02 3.559E+01
  1.964033E-02 3.369E+01
  2.013753E-02 3.190E+01
  2.064731E-02 3.019E+01
  2.117000E-02 2.858E+01
  2.170592E-02 2.704E+01
  2.225541E-02 2.560E+01
  2.281881E-02 2.422E+01
  2.339647E-02 2.292E+01
  2.398875E-02 2.169E+01
  2.459603E-02 2.052E+01
  2.521868E-02 1.942E+01
  2.585710E-02 1.837E+01
  2.651167E-02 1.738E+01
  2.718282E-02 1.644E+01
  2.787095E-02 1.555E+01
  2.857651E-02 1.471E+01
  2.929993E-02 1.391E+01
  3.004166E-02 1.315E+01
  3.080217E-02 1.244E+01
  3.158193E-02 1.176E+01
  3.238143E-02 1.112E+01
  3.320117E-02 1.051E+01
  3.404166E-02 9.940E+00
  3.490343E-02 9.396E+00
  3.578701E-02 8.881E+00
  3.669297E-02 8.394E+00
  3.762185E-02 7.933E+00
  3.857426E-02 7.497E+00
  3.955077E-02 7.084E+00
  4.055200E-02 6.694E+00
  4.157858E-02 6.324E+00
  4.263115E-02 5.974E+00
  4.371036E-02 5.643E+00
  4.481689E-02 5.330E+00
  4.595143E-02 5.034E+00
  4.711470E-02 4.754E+00
  4.830742E-02 4.489E+00
  4.953032E-02 4.239E+00
  5.078419E-02 4.002E+00
  5.206980E-02 3.777E+00
  5.338796E-02 3.565E+00
  5.473947E-02 3.365E+00
  5.612521E-02 3.176E+00
  5.754603E-02 2.996E+00
  5.900281E-02 2.827E+00
  6.049648E-02 2.667E+00
  6.202795E-02 2.516E+00
  6.359820E-02 2.373E+00
  6.520819E-02 2.238E+00
  6.685894E-02 2.110E+00
  6.855149E-02 1.989E+00
  7.028688E-02 1.875E+00
  7.206620E-02 1.768E+00
  7.389056E-02 1.666E+00
  7.576112E-02 1.570E+00
  7.767901E-02 1.479E+00
  7.964547E-02 1.393E+00
  8.166171E-02 1.313E+00
  8.372897E-02 1.236E+00
  8.584859E-02 1.164E+00
  8.802185E-02 1.096E+00
  9.025014E-02 1.032E+00
  9.253484E-02 9.712E-01
  9.487736E-02 9.141E-01
  9.727919E-02 8.601E-01
  9.974182E-02 8.092E-01
  1.022668E-01 7.612E-01
  1.048557E-01 7.159E-01
  1.075101E-01 6.732E-01
  1.102318E-01 6.330E-01
  1.130223E-01 5.951E-01
  1.158835E-01 5.593E-01
  1.188171E-01 5.256E-01
