   1  1.5579379E+12      2032.  4.658E-10    22842.  0.809 4.578E-07
   2  1.5609712E+12      4862.  1.939E-10    20219.  0.809 4.578E-07
   3  1.5640104E+12     12356.  7.599E-11    19691.  0.809 4.578E-07
   4  1.5670556E+12     30893.  3.028E-11    19330.  0.809 4.578E-07
   5  1.5701066E+12     77734.  1.199E-11    19514.  0.809 4.578E-07
   6  1.5731636E+12    184549.  5.029E-12    21098.  0.809 4.578E-07
   7  1.5762266E+12    377254.  2.451E-12    22886.  0.810 4.578E-07
   8  1.5792955E+12    659056.  1.397E-12    23380.  0.810 4.578E-07
   9  1.5823704E+12   1021779.  8.977E-13    23625.  0.810 4.578E-07
  10  1.5854512E+12   1418983.  6.439E-13    23748.  0.811 4.578E-07
  11  1.5885381E+12   1862620.  4.887E-13    23764.  0.811 4.578E-07
  12  1.5916310E+12   2273326.  3.988E-13    23741.  0.811 4.578E-07
  13  1.5947299E+12   2738138.  3.298E-13    23700.  0.811 4.578E-07
  14  1.5978348E+12   3129842.  2.874E-13    23661.  0.811 4.578E-07
  15  1.6009458E+12   3597963.  2.491E-13    23617.  0.811 4.578E-07
  16  1.6040628E+12   3967957.  2.250E-13    23581.  0.811 4.578E-07
  17  1.6071859E+12   4432243.  2.006E-13    23540.  0.811 4.578E-07
  18  1.6103151E+12   4784421.  1.851E-13    23509.  0.811 4.578E-07
  19  1.6134504E+12   5240179.  1.684E-13    23472.  0.812 4.578E-07
  20  1.6165918E+12   5581662.  1.575E-13    23444.  0.812 4.578E-07
  21  1.6197393E+12   6026763.  1.453E-13    23411.  0.812 4.578E-07
  22  1.6228929E+12   6366851.  1.370E-13    23384.  0.812 4.578E-07
  23  1.6260527E+12   6797261.  1.278E-13    23355.  0.812 4.578E-07
  24  1.6292186E+12   7142029.  1.212E-13    23327.  0.812 4.578E-07
  25  1.6323907E+12   7544744.  1.142E-13    23301.  0.811 4.578E-07
  26  1.6355690E+12   7895189.  1.087E-13    23270.  0.811 4.578E-07
  27  1.6387534E+12   8257830.  1.036E-13    23248.  0.811 4.578E-07
  28  1.6973709E+12  15361351.  5.190E-14    22830.  0.810 4.578E-07
  29  1.7580851E+12  22041712.  3.371E-14    22412.  0.811 4.578E-07
  30  1.8209710E+12  28728226.  2.411E-14    21984.  0.811 4.578E-07
  31  1.8861063E+12  35163513.  1.836E-14    21534.  0.811 4.578E-07
  32  1.9535715E+12  41229207.  1.460E-14    21082.  0.810 4.578E-07
  33  2.0234498E+12  46943758.  1.195E-14    20640.  0.810 4.578E-07
  34  2.0958277E+12  52358787.  9.987E-15    20220.  0.810 4.578E-07
  35  2.1707945E+12  57542659.  8.470E-15    19823.  0.810 4.578E-07
  36  2.2484428E+12  62547106.  7.264E-15    19445.  0.810 4.578E-07
  37  2.3288686E+12  67371411.  6.286E-15    19080.  0.810 4.578E-07
  38  2.4121712E+12  71977197.  5.484E-15    18724.  0.810 4.578E-07
  39  2.4984534E+12  76346808.  4.819E-15    18382.  0.810 4.578E-07
  40  2.5878220E+12  80493594.  4.261E-15    18059.  0.810 4.578E-07
  41  2.6803872E+12  84433919.  3.786E-15    17755.  0.810 4.578E-07
  42  2.7762634E+12  88184623.  3.379E-15    17470.  0.810 4.578E-07
  43  2.8755691E+12  91760428.  3.027E-15    17202.  0.810 4.578E-07
  44  2.9784269E+12  95174294.  2.720E-15    16950.  0.810 4.578E-07
  45  3.0849639E+12  98430899.  2.452E-15    16711.  0.810 4.578E-07
  46  3.1953116E+12 101531871.  2.216E-15    16485.  0.810 4.578E-07
  47  3.3096065E+12 104472487.  2.007E-15    16268.  0.809 4.578E-07
  48  3.4279896E+12 107253287.  1.822E-15    16062.  0.809 4.578E-07
  49  3.5506072E+12 109878294.  1.658E-15    15868.  0.809 4.578E-07
  50  3.6776108E+12 112360546.  1.511E-15    15686.  0.809 4.578E-07
  51  3.8091573E+12 114713054.  1.380E-15    15517.  0.809 4.578E-07
  52  3.9454091E+12 116952206.  1.262E-15    15360.  0.809 4.578E-07
  53  4.0865346E+12 119088234.  1.155E-15    15214.  0.809 4.578E-07
  54  4.2327081E+12 121132292.  1.058E-15    15076.  0.809 4.578E-07
  55  4.3841101E+12 123087701.  9.708E-16    14946.  0.809 4.578E-07
  56  4.5409278E+12 124959756.  8.914E-16    14822.  0.809 4.578E-07
  57  4.7033547E+12 126745994.  8.192E-16    14702.  0.809 4.578E-07
  58  4.8715915E+12 128448147.  7.535E-16    14585.  0.809 4.578E-07
  59  5.0458462E+12 130060929.  6.936E-16    14470.  0.809 4.578E-07
  60  5.2263338E+12 131586217.  6.390E-16    14356.  0.809 4.578E-07
  61  5.4132774E+12 133019590.  5.892E-16    14243.  0.809 4.578E-07
  62  5.6069078E+12 134366347.  5.437E-16    14130.  0.809 4.578E-07
  63  5.8074644E+12 135624768.  5.021E-16    14019.  0.809 4.578E-07
  64  6.0151947E+12 136804076.  4.640E-16    13907.  0.809 4.578E-07
  65  6.2303555E+12 137904250.  4.291E-16    13797.  0.809 4.578E-07
  66  6.4532125E+12 138936873.  3.970E-16    13689.  0.809 4.578E-07
  67  6.6840410E+12 139901628.  3.675E-16    13581.  0.809 4.578E-07
  68  6.9231261E+12 140810959.  3.403E-16    13475.  0.809 4.578E-07
  69  7.1707631E+12 141662952.  3.153E-16    13370.  0.809 4.578E-07
  70  7.4272581E+12 142470425.  2.922E-16    13267.  0.809 4.578E-07
  71  7.6929277E+12 143229084.  2.710E-16    13166.  0.809 4.578E-07
  72  7.9681002E+12 143952073.  2.513E-16    13065.  0.809 4.578E-07
  73  8.2531156E+12 144632734.  2.331E-16    12966.  0.809 4.578E-07
  74  8.5483257E+12 145284844.  2.163E-16    12867.  0.809 4.578E-07
  75  8.8540955E+12 145899353.  2.008E-16    12770.  0.809 4.578E-07
  76  9.1708024E+12 146491332.  1.864E-16    12673.  0.809 4.578E-07
  77  9.4988379E+12 147048437.  1.731E-16    12575.  0.809 4.578E-07
  78  9.8386070E+12 147585785.  1.608E-16    12477.  0.809 4.578E-07
  79  1.0190529E+13 148086840.  1.494E-16    12376.  0.809 4.578E-07
  80  1.0555040E+13 148567581.  1.388E-16    12271.  0.809 4.578E-07
  81  1.0932589E+13 149011062.  1.290E-16    12162.  0.809 4.578E-07
  82  1.1323643E+13 149438334.  1.199E-16    12051.  0.809 4.578E-07
  83  1.1728684E+13 149829446.  1.114E-16    11936.  0.809 4.578E-07
  84  1.2148214E+13 150208394.  1.036E-16    11818.  0.809 4.578E-07
  85  1.2582750E+13 150551814.  9.636E-17    11697.  0.809 4.578E-07
  86  1.3032829E+13 150887092.  8.962E-17    11574.  0.809 4.578E-07
  87  1.3499008E+13 151186998.  8.337E-17    11446.  0.809 4.578E-07
  88  1.3981861E+13 151482804.  7.756E-17    11318.  0.809 4.578E-07
  89  1.4481986E+13 151742925.  7.217E-17    11183.  0.809 4.578E-07
  90  1.5000000E+13 152003047.  6.716E-17    11049.  0.809 4.578E-07
